[1, 2, 6, 12, 24, 48, 60]
10
[1, 2, 6, 12, 24, 48, 60]
11
[1, 2, 6, 12, 24, 48, 60]
12
[1, 2, 6, 12, 24, 48, 60]
13
[1, 2, 6, 12, 24, 48, 60]
14
[1, 2, 6, 12, 24, 48, 60]
15
[1, 2, 6, 12, 24, 48, 60]
16
[1, 2, 6, 12, 24, 48, 60]
17
[1, 2, 6, 12, 24, 48, 60]
18
[1, 2, 6, 12, 24, 48, 60]
19
[1, 2, 6, 12, 24, 48, 60]
20
[1, 2, 6, 12, 24, 48, 60]
21
[1, 2, 6, 12, 24, 48, 60]
22
[1, 2, 6, 12, 24, 48, 60]
23
[1, 2, 6, 12, 24, 48, 60]
24
[1, 2, 6, 12, 24, 48, 60]
25
[1, 2, 6, 12, 24, 48, 60]
26
[1, 2, 6, 12, 24, 48, 60]
27
[1, 2, 6, 12, 24, 48, 60]
28
[1, 2, 6, 12, 24, 48, 60]
29
[1, 2, 6, 12, 24, 48, 60]
30
[1, 2, 6, 12, 24, 48, 60]
31
[1, 2, 6, 12, 24, 48, 60]
32
[1, 2, 6, 12, 24, 48, 60]
33
[1, 2, 6, 12, 24, 48, 60]
34
[1, 2, 6, 12, 24, 48, 60]
35
[1, 2, 6, 12, 24, 48, 60]
36
[1, 2, 6, 12, 24, 48, 60]
37
[1, 2, 6, 12, 24, 48, 60]
38
[1, 2, 6, 12, 24, 48, 60]
39
[1, 2, 6, 12, 24, 48, 60]
40
[1, 2, 6, 12, 24, 48, 60]
41
[1, 2, 6, 12, 24, 48, 60]
42
[1, 2, 6, 12, 24, 48, 60]
43
[1, 2, 6, 12, 24, 48, 60]
44
[1, 2, 6, 12, 24, 48, 60]
45
[1, 2, 6, 12, 24, 48, 60]
46
[1, 2, 6, 12, 24, 48, 60]
47
[1, 2, 6, 12, 24, 48, 60]
48
[1, 2, 6, 12, 24, 48, 60]
49
[1, 2, 6, 12, 24, 48, 60]
50
