[1, 6, 13, 37, 150]
10
[1, 6, 13, 37, 150]
11
[1, 6, 13, 37, 150]
12
[1, 6, 13, 37, 150]
13
[1, 6, 13, 37, 150]
14
[1, 6, 13, 37, 150]
15
[1, 6, 13, 37, 150]
16
[1, 6, 13, 37, 150]
17
[1, 6, 13, 37, 150]
18
[1, 6, 13, 37, 150]
19
[1, 6, 13, 37, 150]
20
[1, 6, 13, 37, 150]
21
[1, 6, 13, 37, 150]
22
[1, 6, 13, 37, 150]
23
[1, 6, 13, 37, 150]
24
[1, 6, 13, 37, 150]
25
[1, 6, 13, 37, 150]
26
[1, 6, 13, 37, 150]
27
[1, 6, 13, 37, 150]
28
[1, 6, 13, 37, 150]
29
[1, 6, 13, 37, 150]
30
[1, 6, 13, 37, 150]
31
[1, 6, 13, 37, 150]
32
[1, 6, 13, 37, 150]
33
[1, 6, 13, 37, 150]
34
[1, 6, 13, 37, 150]
35
[1, 6, 13, 37, 150]
36
[1, 6, 13, 37, 150]
37
[1, 6, 13, 37, 150]
38
[1, 6, 13, 37, 150]
39
[1, 6, 13, 37, 150]
40
[1, 6, 13, 37, 150]
41
[1, 6, 13, 37, 150]
42
[1, 6, 13, 37, 150]
43
[1, 6, 13, 37, 150]
44
[1, 6, 13, 37, 150]
45
[1, 6, 13, 37, 150]
46
[1, 6, 13, 37, 150]
47
[1, 6, 13, 37, 150]
48
[1, 6, 13, 37, 150]
49
[1, 6, 13, 37, 150]
50
[1, 6, 13, 37, 150]
51
[1, 6, 13, 37, 150]
52
[1, 6, 13, 37, 150]
53
[1, 6, 13, 37, 150]
54
[1, 6, 13, 37, 150]
55
[1, 6, 13, 37, 150]
56
[1, 6, 13, 37, 150]
57
[1, 6, 13, 37, 150]
58
[1, 6, 13, 37, 150]
59
[1, 6, 13, 37, 150]
60
[1, 6, 13, 37, 150]
61
[1, 6, 13, 37, 150]
62
[1, 6, 13, 37, 150]
63
[1, 6, 13, 37, 150]
64
[1, 6, 13, 37, 150]
65
[1, 6, 13, 37, 150]
66
[1, 6, 13, 37, 150]
67
[1, 6, 13, 37, 150]
68
[1, 6, 13, 37, 150]
69
[1, 6, 13, 37, 150]
70
[1, 6, 13, 37, 150]
71
[1, 6, 13, 37, 150]
72
[1, 6, 13, 37, 150]
73
[1, 6, 13, 37, 150]
74
[1, 6, 13, 37, 150]
75
[1, 6, 13, 37, 150]
76
[1, 6, 13, 37, 150]
77
[1, 6, 13, 37, 150]
78
[1, 6, 13, 37, 150]
79
[1, 6, 13, 37, 150]
80
[1, 6, 13, 37, 150]
81
[1, 6, 13, 37, 150]
82
[1, 6, 13, 37, 150]
83
[1, 6, 13, 37, 150]
84
[1, 6, 13, 37, 150]
85
[1, 6, 13, 37, 150]
86
[1, 6, 13, 37, 150]
87
[1, 6, 13, 37, 150]
88
[1, 6, 13, 37, 150]
89
[1, 6, 13, 37, 150]
90
[1, 6, 13, 37, 150]
91
[1, 6, 13, 37, 150]
92
[1, 6, 13, 37, 150]
93
[1, 6, 13, 37, 150]
94
[1, 6, 13, 37, 150]
95
[1, 6, 13, 37, 150]
96
[1, 6, 13, 37, 150]
97
[1, 6, 13, 37, 150]
98
[1, 6, 13, 37, 150]
99
[1, 6, 13, 37, 150]
100
